1.1051029	0.0089792	2.04676235499
1.1052501	0.0079342	2.10049685632
1.2270521	0.0098095	2.00835312848
1.2814849	0.0074947	2.12524574653
1.2829617	0.0004873	3.31220358862
1.2830225	0.0011038	2.95710961027
1.2831740	0.0009419	3.0259952031
1.2832130	0.0005121	3.29064522417
1.2832179	0.0008497	3.07073438175
1.2834114	0.0011118	2.9539733303
2.45426745	0.0015407	2.81228191743
2.45429358	0.0014813	2.82935697716
2.45429996	0.0014209	2.84743648574
2.45431225	0.0015829	2.80054652091
2.45431806	0.0024486	2.61108215484
2.45432039	0.0013538	2.86844549024
2.45433964	0.0013031	2.88502225521
2.45444965	0.0005976	3.22358941119
2.45446393	0.0005121	3.29064522417
2.45451149	0.0010278	2.98809138665
2.45452327	0.0008574	3.06681652083
2.45452707	0.0009147	3.03872132091
2.45453136	0.0009607	3.0174122093
2.45454123	0.000686	3.16367588429
2.45454203	0.0002813	3.55083026783
2.45462332	0.0023188	2.6347367083
2.45462709	0.0039794	2.40018240439
2.45463350	0.00089	3.05060999336
2.45463503	0.0008693	3.06083032037
2.45464707	0.0037001	2.4317865384
2.45467008	0.0017286	2.76230549134
2.45467061	0.0017687	2.75234582418
2.45467083	0.0010426	2.98188227941
2.45467746	0.0016977	2.77013905135
2.45467777	0.0017572	2.75517880541
2.45470502	0.0039802	2.40009510463
2.45477316	0.0002112	3.67530608614
2.45483033	0.0005673	3.24618721644
2.45485184	0.0025513	2.59323847095
2.45500575	0.0098604	2.00610546698
2.45529188	0.0062617	2.2033077434
2.45530629	0.0083624	2.07766906261
2.45534549	0.0078104	2.1073267237
2.45584043	0.0060926	2.21519733386
2.45585797	0.0045454	2.34242789239
2.45592047	0.003121	2.50570623133
2.45592784	0.0044528	2.35136681101
2.45596093	0.006969	2.15682953548
2.45597614	0.0071246	2.14723951345
2.45598998	0.0084378	2.07377077285
2.45610841	0.0086111	2.06494136731
2.45612339	0.0082231	2.08496442831
2.45613627	0.0081199	2.09044931925
2.45618455	0.0079006	2.10233992557
2.45623726	0.006934	2.15901616268
2.45633112	0.0074243	2.12934448753
2.45641177	0.002486	2.60449887569
2.45642824	0.0049453	2.30580735737
2.45643504	0.0049443	2.3058951859
2.45645900	0.0046639	2.33125076998
2.45646060	0.0046637	2.33126939404
2.45648674	0.0046093	2.33636502455
2.45650368	0.0045156	2.34528453563
2.45653366	0.0093668	2.02840875273
2.45653382	0.0045517	2.34182636978
2.45655745	0.0043981	2.35673490027
2.45655767	0.0043133	2.36519033462
2.45658136	0.004589	2.33828194231
2.45658968	0.0043219	2.36432528603
2.45679323	0.0016871	2.77285917458
2.45688326	0.0015361	2.81358051084
2.45694807	0.0011108	2.95436412892
2.45703522	0.0037075	2.4309188403
2.45733626	0.0096679	2.01466785037
2.45758697	0.0090721	2.04229217128
2.45975861	0.0086907	2.06094524152
2.46012027	0.001055	2.97674754037
2.46017181	0.0031597	2.50035414983
2.46030466	0.0089623	2.0475805228
2.46174414	0.0070872	2.14952531132
2.46174823	0.0035107	2.45460628073
2.46176109	0.0047648	2.32195532393
2.46180247	0.0026253	2.58082106144
2.46180877	0.0026023	2.58464263828
2.46180894	0.0061348	2.2121995911
2.46181234	0.0064995	2.18712005191
2.46181682	0.0061087	2.21405120267
2.46181967	0.005398	2.26776711978
2.46182088	0.0052005	2.28395489929
2.46182923	0.0051964	2.2842974259
2.46184695	0.0049808	2.30270089666
2.46187525	0.0095293	2.02093900044
2.46191062	0.0055642	2.25459726809
2.46192040	0.0055071	2.25907703736
2.46192090	0.0055761	2.25366944634
2.46192882	0.0056833	2.24539941858
2.46196283	0.0087935	2.05583823208
2.46200220	0.0033508	2.47485149323
2.46200527	0.0095622	2.01944217698
2.46202382	0.0012787	2.89323133482
2.46205562	0.0010746	2.96875316377
2.46205830	6.3e-05	4.20065945055
2.46205957	0.0008007	3.09653017149
2.46206003	0.0005272	3.27802459841
2.46206670	0.0011591	2.93587909417
2.46207749	0.000671	3.17327747983
2.46208555	0.0049528	2.305149209
2.46212207	0.0017076	2.76761385387
2.46214411	0.0037349	2.4277210217
2.46214759	0.0022692	2.64412722511
2.46215312	0.0018833	2.7250804936
2.46216181	0.0027995	2.55291952817
2.46216372	0.0004638	3.3336692557
2.46216570	0.0016774	2.77536336132
2.46216981	0.009428	2.02558042615
2.46223000	0.0007979	3.09805153493
2.46227033	0.0073102	2.136070741
2.46227083	0.0005805	3.23619777593
2.46254108	0.0066834	2.17500254567
2.46452072	0.0066975	2.17408727772
2.46738153	0.0016012	2.79555441857
2.47634188	0.0056187	2.25036415563
2.48227075	0.0052711	2.27809874454
2.48269713	0.0046114	2.33616720477
2.48950558	0.0085891	2.06605234088
2.49015427	0.0028148	2.55055245764
2.49054317	0.0022874	2.64065788323
2.49054674	0.0005682	3.24549877061
2.49054957	0.0016177	2.79110201451
2.49055116	0.0003265	3.48611681439
2.49055989	0.0028047	2.5521135855
2.49056032	0.0006784	3.16851416075
2.49056089	0.0005749	3.24040769135
2.49056286	0.0006642	3.17770112874
8.93863327	0.0096314	2.01631058016
8.93992804	0.0036886	2.43313843808
8.94008721	0.0017609	2.75426530654
8.94012089	0.0088359	2.05374920789
8.94025401	0.0047129	2.32671177516
8.94026717	0.0014106	2.85059612049
8.94033896	0.0053698	2.27004188944
8.94040134	0.0087462	2.05818059583
8.94047620	5.1e-05	4.2924298239
8.94054349	0.0029591	2.52884035802
8.94062889	0.0069824	2.15599527543
8.94067129	0.0001835	3.73636393141
8.94076051	6.32e-05	4.19928292172
8.94078425	0.0047976	2.31897596417
8.94086927	0.0001041	3.98254927049
8.94096852	0.0004594	3.33780900914
8.94098481	0.0001713	3.76624263703
8.94101806	0.0067899	2.16813662186
8.94101919	0.0033966	2.46895559473
8.94104873	0.0003623	3.44093166597
8.94105203	0.0001142	3.94233389609
8.94108728	0.0079342	2.10049685632
8.94110592	0.0054857	2.26076794662
8.94252846	0.0096672	2.01469929641
8.94253390	0.0097196	2.01235160764
8.95054314	0.0078942	2.10269187493
8.95054392	0.0077547	2.11043499874
8.95054898	0.0078735	2.10383216818
8.95064249	0.0063316	2.19848652958
8.95065387	0.0065056	2.18671264304
8.95065509	0.0063807	2.19513167403
8.95067285	0.0065269	2.18529304117
8.95067432	0.0061488	2.21120963288
8.95070718	0.0074763	2.1263132801
8.95071528	9.76e-06	5.01055018233
8.95325902	0.0061997	2.20762932526
8.95336304	0.0086006	2.0654712502
8.95336773	0.0082467	2.083719804
8.95338928	0.0068294	2.16561744978
8.95341781	0.0042647	2.37011151383
8.95346711	0.0068293	2.16562380901
8.95346843	0.0049505	2.30535093515
8.95347128	0.0070493	2.15185400659
8.95350454	0.0081654	2.08802253554
8.95772145	0.0037478	2.42622359313
8.95885614	0.0006578	3.18190613085
8.95902923	0.0044534	2.35130829521
8.95905316	0.0089413	2.04859933335
8.95905988	0.0089212	2.04957672429
8.95915140	0.008894	2.05090287489
8.95916372	0.0031437	2.50255890492
8.95919099	0.0095078	2.02191996239
8.95923996	0.0098598	2.00613189437
8.95925110	0.0098704	2.0056652471
8.95926087	0.0098553	2.00633015105
8.95928359	0.0098741	2.00550247877
8.95929347	0.0097366	2.01159267136
8.95930461	0.0093372	2.02978333864
8.95931001	0.0097107	2.01274946266
8.95931079	0.0085907	2.06597144691
8.95939296	0.0099495	2.00219874365
8.95943756	0.0078281	2.10634363509
8.95944398	0.0054952	2.26001649663
8.95944852	0.0048714	2.31234620821
8.95946461	0.0099541	2.0019980006
8.95948211	0.0032559	2.48732894227
8.95955800	0.0072613	2.13898562003
8.95957483	0.0087119	2.0598871183
8.95963422	0.0027963	2.55341623731
8.95963976	0.003208	2.49376564039
8.95965152	0.0010474	2.97988743043
8.95973371	0.0089789	2.04677686525
8.95974665	0.006688	2.17470373557
8.95978674	0.0023324	2.63219696725
8.96004340	0.0051509	2.28811688147
8.96043549	0.0047185	2.32619604062
8.96158596	0.0037888	2.42149831929
8.96263913	0.0066735	2.1756463352
8.96727393	0.0033254	2.47815610755
8.96727665	0.003406	2.46775535637
8.96727692	0.0042882	2.36772496752
8.96728593	0.0025946	2.58592958625
8.96730962	0.0033267	2.47798636181
8.96731341	0.0032767	2.48456331886
8.96736842	0.0028931	2.5386365547
8.96740965	0.0038068	2.41943993936
8.96763380	0.0020887	2.68012393326
8.96763444	0.0026589	2.57529799598
8.96764726	0.0016819	2.77419982943
8.96765267	0.0016896	2.77221609915
8.96768772	0.0024627	2.60858848961
8.96768785	0.0020812	2.68168618278
8.96769208	0.0011155	2.95253042538
8.96769898	0.0017067	2.76784281151
8.96770111	0.0017249	2.76323607781
8.96776454	0.008079	2.09264239187
8.96869690	0.0098062	2.00849925345
8.97139849	0.0084141	2.07499233078
8.97270629	0.0070072	2.15445548667
8.97396855	0.0076518	2.11623638993
8.98186316	0.0097293	2.01191840506
8.98422345	0.0037103	2.43059097365
8.98426111	0.0062267	2.20574205791
8.98497864	0.004541	2.3428484981
8.98528011	0.0058716	2.23124353819
8.99260433	0.0061161	2.21352542236
8.99483750	0.0079001	2.10236741135
8.101420732	0.0032453	2.48874515023
8.101426974	0.0066621	2.17638885271
8.101427005	0.0015215	2.81772804331
8.101427036	0.004011	2.39674733802
8.101434914	0.0050897	2.29330781534
8.101436509	0.0034892	2.4572741362
8.101437256	0.0027121	2.56669430129
8.101440789	0.005821	2.23500240072
8.101461845	0.0015167	2.81910031323
8.101462127	0.0024568	2.60963019656
8.101463594	0.0015592	2.80709817389
8.102017302	0.0069225	2.15973703558
8.102023243	0.0025025	2.60162591385
8.103053488	0.0035577	2.44883067622
8.103068263	0.0014989	2.8242273404
8.103090641	0.0038697	2.41232270252
8.103090651	0.0039078	2.40806767144
8.103139477	0.0004828	3.31623273857
8.103242006	0.0041787	2.37895880689
8.103251301	0.0039741	2.40076120897
8.103272279	2.25e-05	4.64781748189
8.103277547	4.7e-05	4.32790214206
8.103280890	4.13e-05	4.38404994834
8.103282636	3.15e-05	4.50168944621
8.103283035	3.44e-05	4.46344155743
8.104269839	0.009875	2.0054628957
8.105150097	0.0017827	2.74892173552
8.105464759	0.004494	2.34736693192
8.105476179	0.0077039	2.11328936318
8.105478004	0.0080671	2.0932825595
8.105479400	0.0083104	2.08037807205
8.106239426	0.0028249	2.54899692137
8.106251436	0.003023	2.51956185282
8.106255184	0.0030132	2.52097204124
8.106267305	0.0031086	2.50743515733
8.106268573	0.0030932	2.50959199849
8.106279090	0.002786	2.55501888791
8.106334896	0.0023583	2.627400949
8.106338499	0.0041982	2.3769368757
8.106342218	0.0023431	2.63020917597
8.106499852	0.007945	2.09990609846
8.106502299	0.0028662	2.54269350833
8.106504399	0.0011487	2.93979337893
8.106521287	0.0083013	2.08085389092
8.106530317	0.0016341	2.78672137001
8.106537572	0.0024651	2.60816545831
8.106537768	0.0022396	2.64982954118
8.106540386	0.0003492	3.45692576497
8.106541082	0.0019488	2.71023272905
8.106543574	0.0003494	3.45667709935
8.106551281	0.0006092	3.21524010534
8.106559194	0.000928	3.03245202378
8.106559874	0.0023605	2.62699599523
8.106562919	0.00035	3.45593195565
8.106567598	0.0003287	3.48320029592
8.106573021	0.0019706	2.70540152155
8.107481381	0.0085208	2.06951962832
8.107664960	0.0091289	2.03958155025
8.109426908	0.0054447	2.26402604464
8.109431170	0.0051871	2.28507537934
8.109473616	0.0024804	2.60547827733
8.109502128	0.0094054	2.02662272972
8.109504303	0.0069968	2.15510054
8.109510084	0.0045497	2.34201723909
8.109511629	0.0032006	2.4947685991
8.109512244	0.0050654	2.29538625397
8.109729073	0.0014022	2.85319003722
8.109799864	0.0097878	2.00931491343
8.110191455	0.0006307	3.20017716901
8.111601261	0.0048379	2.3153431128
8.111661702	0.0098576	2.00622880855
8.111674370	0.0095991	2.01776948398
8.111676093	0.0091663	2.03780593302
8.111677191	0.0092921	2.03188612504
8.111678176	0.0092672	2.03305146415
8.111679384	0.0091877	2.03679319398
8.111680675	0.0090318	2.04422568799
8.111684141	0.0082115	2.08557750278
8.111687283	0.0072553	2.13934462518
8.111689394	0.0087006	2.06045079707
8.111691779	0.0088497	2.0530714514
8.111693926	0.0090214	2.04472606056
8.111695237	0.0092705	2.03289684176
8.111695831	0.0065562	2.18334780654
8.111696464	0.007642	2.11679296665
8.111697011	0.0098904	2.00478614376
8.111697801	0.0078792	2.10351787556
8.111698943	0.0081755	2.08748567713
8.111698978	0.0082997	2.0809376053
8.111699074	0.0083518	2.07821991424
8.111702388	0.0089043	2.05040021636
8.111705254	0.0091988	2.03626882346
8.111705839	0.0093173	2.0307099208
8.111706126	0.0097545	2.01079498694
8.111710090	0.0077111	2.11288366477
8.111715802	0.0086311	2.06393385162
8.111905652	0.0092172	2.03540098884
8.117487556	0.0019816	2.70298400642
8.118313372	0.003881	2.41105635726
8.118376719	0.0084753	2.07184492014
8.118377395	0.0054706	2.26196503886
8.118416223	0.0020524	2.68773799402
8.118416443	0.0003194	3.4956650882
8.118418035	0.0069147	2.16022665737
8.118434473	0.0019148	2.71787658119
8.119176942	0.0023892	2.62174749392
8.119283345	0.0056867	2.24513968221
8.119283555	0.00775	2.11069829749
8.119283577	0.0057886	2.23742645973
8.119283606	0.0047911	2.31956476444
8.119283704	0.0048128	2.31760218542
8.119284010	0.0032024	2.4945244229
8.119284165	0.0087169	2.0596379362
8.119284335	0.004652	2.33236029394
8.119285316	0.0044319	2.35341004745
