19
248
337
355
396
595
602
942
958
999
1080
1236
1294
1401
1432
1436
1437
1493
1513
1524
1672
1673
1755
1813
1893
2147
2153
2162
2214
2335
2524
2693
2833
3107
3123
3135
3178
3290
3291
3304
3383
3458
3479
3553
3563
3565
3569
3576
3586
3593
3596
3604
3606
3620
3651
3682
3683
3689
3780
3803
3804
3836
3845
4049
4153
4210
4283
4292
4312
4314
4436
4485
4552
4650
4689
4792
4908
5243
5444
5743
5771
5788
5872
5919
6275
6283
6352
6356
6369
6556
6583
6584
6696
6755
6774
6775
6778
6868
6934
6955
6957
7033
7040
7076
7078
7082
7097
7099
7100
7124
7132
7133
7157
7291
7297
7332
7408
7422
7433
7454
8174
8547
8740
8856
8927
9051
9231
9308
9436
9437
9618
9966
10068
10344
10392
10747
11213
22861
22900
22914
23274
26191
30835
50616
50802
50941
51311
51738
54106
55054
55600
56244
58191
59067
64127
80209
89781
114548
115352
120892
140596
149233
159296
170679
197358
219771
345611
100507436
8929
90865
3486
3690
4524
8600
30061
115201
671
842
864
929
3929
4057
