7139
7168
4607
4000
7137
7134
4625
4624
859
70
291
85366
6901
1756
51422
6331
11155
7273
1674
2070
1832
6444
8048
8557
4205
2730
5687
3957
4973
2729
440823
3690
2162
7292
4049
2099
2155
7804
7056
10060
4634
4633
8997
5350
948
4040
7414
2218
88
1829
91624
282996
6389
5663
5664
7112
51778
57158
125972
9531
4314
57798
1524
1401
177
2100
2678
284
2946
348
3569
3630
367
4018
4313
4524
6401
7077
875
4318
5054
100
10068
10365
10392
1071
118
1191
1231
1234
125
1471
1535
1543
155
1636
183
1839
185
186
1889
19
1906
1909
1910
2052
213
2147
2152
2153
2157
2160
2161
217
2204
2214
240
241
246
255738
257313
2624
2643
270
2701
285
2944
2952
3091
3304
3315
3329
335
336
337
338
3383
338376
345
3479
3484
3486
3565
3574
3576
3586
3606
3627
3674
368
3767
3791
3815
3931
3949
3952
3990
4023
4045
4256
4353
4688
5051
5144
522
5320
5360
5444
55937
56606
56729
590
627
6310
6347
6352
6356
6373
6376
6402
6403
6404
6464
64805
654817
6649
7096
7097
7099
7351
7448
7450
7486
79001
80149
846
929
9370
9388
941
942
154
221458
341
344
3553
3557
4548
21926
3683
5806
7124
5243
4363
8714
9619
64241
28
38
39
59272
52
59
98
6868
80332
101
9510
11093
126
79602
133
140
151
152
153
156
197
231
10000
239
247
249
51129
302
308
8906
324
325
8862
116519
346
347
350
362
366
383
384
84159
54622
387715
472
488
490
10159
581
9564
64919
596
624
635
664
8315
672
675
11120
56244
718
719
721
727
10665
84830
775
796
10203
11132
834
843
845
6367
10344
729230
10803
958
959
960
22918
1012
1026
1028
1029
1030
100048912
1952
3075
1082
1113
1116
1118
1129
1138
4261
23274
9575
1215
84735
1268
1277
1278
1312
4513
1356
1361
1363
1378
8804
114784
1490
1520
6387
58191
6374
3577
3579
7852
1584
1585
1586
1588
1544
1591
56603
1557
1558
1559
1565
1571
1573
1574
1579
8529
1581
10800
23564
23586
79665
1734
1773
1803
1812
90141
1956
1958
1991
5167
1969
2053
2068
2149
9002
2158
2169
2170
2167
3992
9415
339479
355
2209
2212
2243
2244
2247
2249
2264
2266
80308
2321
2335
2308
50943
2512
79068
2524
2525
4616
8693
2621
2645
2646
9518
51738
2693
148979
2739
2784
9570
2811
2814
51206
23171
27202
2876
2890
2932
2938
2950
2982
2997
3039
9734
3077
3082
3106
3146
3156
3162
6927
11100
3240
3273
3290
3297
3303
3306
3308
27129
3356
3456
3458
3480
3593
3603
3605
112744
3552
3554
7850
51561
3567
3570
3572
3609
3638
51141
3663
3667
8660
3673
3699
3710
23630
3778
3784
284252
9692
57608
9365
136259
688
3909
3920
3929
3938
11019
80350
4035
4043
4048
4052
4128
84557
4153
9927
375056
4282
57591
51085
4312
4321
4316
4317
4482
4507
25902
4552
4547
4602
10135
4536
10763
4772
4780
4790
4795
64127
4842
9722
4843
4846
4878
4879
4881
4882
4852
10062
9971
2908
4306
4929
3084
4946
4978
441933
5027
5029
5048
5050
23022
5069
142
5074
65217
5126
5125
5133
5155
80310
3651
57026
5175
221692
8399
7941
5327
5328
5329
23646
5340
5346
5445
5446
10631
5465
5467
5468
10891
5583
5593
5624
10544
5627
5657
5686
5728
5732
5740
5743
26191
5780
5819
10266
10268
5950
5966
5972
5997
387
6098
6117
6129
6263
6283
6279
6280
6285
6288
6287
22937
949
6340
6385
221935
55829
6405
10507
5265
145264
5055
462
3053
6441
259230
166929
10019
6462
23411
6581
6532
6546
6525
6646
6647
6648
6272
6696
6714
6720
6721
6775
6817
387082
259296
6915
6916
6948
55775
7018
7035
7040
7042
7057
7058
7060
7076
7078
7079
7100
54106
80757
3371
7128
4982
7132
7133
7293
8600
7157
7173
10758
7189
10221
7223
130502
10628
7298
7349
90226
54658
7391
10911
8673
7412
7421
7422
7436
7453
57539
65125
51741
7515
7517
463
7753
8882
151126
199692
