248
330
337
343
348
350
355
396
595
760
864
929
941
942
958
959
1029
1232
1364
1366
1401
1493
1511
1537
1604
1612
1636
1673
1728
1811
1893
2149
2150
2169
2212
2214
2272
2833
2908
2944
2950
2952
3119
3123
3125
3135
3162
3172
3290
3291
3304
3383
3458
3481
3553
3557
3565
3567
3569
3576
3586
3587
3589
3593
3596
3598
3605
3620
3627
3683
3780
3845
3855
3912
3952
3953
4023
4057
4192
4210
4277
4282
4292
4312
4316
4318
4353
4485
4486
4512
4522
4524
4548
4650
4772
4780
4790
4843
4908
5175
5176
5243
5266
5444
5468
5743
5771
5781
5802
5872
5919
5967
5970
6285
6338
6340
6348
6356
6366
6369
6389
6401
6441
6532
6584
6648
6696
6772
6774
6775
6776
6778
6868
7014
7040
7046
7082
7097
7099
7124
7133
7157
7291
7408
7421
7422
7433
7515
7852
8174
8651
8771
8856
8924
8927
9002
9021
9075
9076
9173
9370
9966
10109
10135
10344
10392
10410
10563
10628
11213
11254
22900
27089
30835
50616
50941
54386
54498
55054
56244
59067
64127
79589
80209
90865
149233
159296
219771
345611
400935
100507436
1316
2099
5730
29851
54106
6422
6583
842
6373
6548
51561
406973
574501
