183
210
57679
253
406238
283
328
348
367
64283
6311
9331
64919
604
54953
203228
9973
1012
64405
400916
1114
25978
1270
152330
27255
51232
1428
1456
1471
1524
1565
1610
1639
81624
27185
8447
1804
1778
2202
55140
2043
2066
2130
55079
55277
9896
2521
2617
2733
2888
2896
3073
3077
3178
3181
3709
3791
22920
3976
3990
4001
4015
4060
4129
4137
9782
4671
4744
81832
123606
84618
4968
115209
10133
11315
5121
5216
57449
5444
5445
5446
5630
5663
5817
10268
5937
6036
25897
23098
6332
6402
57556
23064
10280
6506
201266
6606
6607
6623
6647
6648
6660
6683
80208
6687
8878
26039
64420
143425
8148
23435
29110
54822
7277
29978
23025
9217
7415
7421
7422
51542
55734
57473
155061
2
12
19
20
25
43
102
142
153
154
177
207
211
217
239
240
246
288
320
321
325
335
341
347
351
354
355
358
361
498
551
571
573
581
590
624
627
654
682
715
718
728
755
815
823
831
836
837
839
857
892
948
958
959
983
1020
1027
1071
1080
1103
1113
1129
1136
1137
1139
1141
1152
1191
1234
1269
1312
1325
1352
1355
1356
1378
1401
1410
1432
1435
1453
1490
1499
1509
1536
1588
1612
1627
1636
1718
1742
1785
1794
1812
1814
1815
1816
1827
1859
1965
2002
2023
2026
2078
2099
2100
2147
2166
2170
2246
2280
2346
2444
2475
2534
2597
2670
2688
2752
2778
2784
2817
2902
2904
2912
2931
2932
2934
2950
2952
3028
3075
3084
3105
3146
3162
3163
3309
3320
3339
3350
3356
3358
3362
3383
3416
3479
3552
3553
3569
3576
3579
3586
3606
3630
3658
3684
3685
3688
3831
3925
3949
3973
4023
4035
4036
4040
4057
4155
4205
4241
4282
4283
4311
4522
4524
4543
4684
4739
4747
4804
4842
4843
4846
4851
4852
4860
4864
4891
4914
4973
5020
5029
5071
5074
5105
5173
5243
5265
5300
5320
5328
5338
5360
5423
5468
5481
5514
5530
5594
5595
5604
5605
5610
5621
5649
5653
5664
5730
5732
5742
5743
5813
5868
5891
5894
5981
5999
6198
6256
6278
6280
6283
6285
6315
6347
6453
6462
6515
6531
6532
6571
6622
6646
6653
6655
6667
6868
6908
7018
7024
7040
7048
7076
7077
7099
7124
7126
7132
7133
7157
7159
7161
7166
7249
7276
7314
7345
7376
7490
7515
7779
7782
7879
7919
8208
8301
8622
8743
8851
8997
9235
9420
9445
9446
9451
9479
9482
9546
9588
9607
9619
9718
9846
10211
10273
10313
10371
10399
10507
10776
10858
11033
11200
22900
22943
23190
23268
23286
23385
23467
23621
23627
23759
25797
25825
26088
26353
27122
27328
27344
29119
29979
30818
51107
51280
54106
54209
54541
55676
65078
80142
80312
80781
80823
81847
84447
84570
89832
120892
131578
143279
219736
246744
255022
267012
347902
375790
387715
406901
406938
407021
407024
643387
646506
653820
3176
2244
84867
274
4922
5340
5564
27429
51738
1029
1030
3098
3240
5176
5654
6865
10659
83259
84630
450086
353128
8081
323
64851
22976
642
4353
780912
