50
60
71
116
133
134
135
148
150
159
177
182
207
217
221
226
230
239
262
288
302
321
324
329
335
347
348
367
396
421
468
472
498
523
526
567
627
638
688
775
780
815
816
836
875
886
989
1072
1113
1114
1116
1128
1133
1136
1137
1139
1141
1152
1191
1234
1267
1268
1269
1270
1312
1401
1407
1410
1439
1493
1544
1565
1576
1577
1610
1621
1622
1636
1644
1728
1738
1742
1759
1786
1789
1808
1812
1813
1814
1815
1848
1948
1956
1960
1974
2019
2026
2036
2065
2066
2099
2100
2170
2171
2173
2193
2263
2346
2512
2534
2557
2559
2561
2562
2563
2571
2572
2596
2597
2664
2668
2670
2674
2675
2676
2703
2730
2746
2752
2774
2778
2782
2783
2784
2823
2847
2876
2890
2891
2892
2893
2894
2896
2897
2898
2899
2900
2902
2903
2904
2908
2911
2912
2913
2917
2932
2935
2944
2950
2952
2953
2977
3028
3061
3065
3084
3094
3098
3105
3106
3119
3159
3181
3183
3190
3192
3269
3303
3304
3305
3309
3312
3320
3329
3337
3350
3351
3356
3358
3359
3360
3362
3363
3383
3479
3492
3552
3553
3557
3558
3563
3565
3569
3570
3586
3587
3606
3674
3720
3725
3756
3757
3762
3765
3766
3782
3796
3812
3839
3843
3897
3952
3953
3977
4009
4010
4049
4090
4099
4128
4129
4130
4133
4135
4137
4155
4190
4233
4277
4297
4314
4318
4340
4482
4513
4522
4524
4535
4540
4552
4627
4642
4650
4684
4711
4715
4719
4722
4723
4726
4729
4735
4741
4747
4762
4790
4804
4835
4841
4842
4852
4855
4900
4908
4914
4915
4916
4929
4968
4974
4976
4988
5019
5020
5027
5037
5048
5052
5053
5074
5100
5108
5110
5111
5116
5141
5142
5173
5213
5223
5230
5243
5245
5250
5289
5297
5305
5306
5309
5320
5321
5339
5354
5362
5414
5443
5444
5465
5468
5478
5530
5533
5534
5538
5578
5582
5617
5621
5625
5649
5730
5743
5803
5813
5816
5834
5860
5912
5997
5999
6007
6050
6093
6257
6285
6303
6347
6505
6506
6507
6509
6510
6511
6530
6531
6532
6536
6557
6558
6570
6571
6586
6595
6616
6622
6647
6648
6663
6667
6671
6709
6720
6721
6804
6844
6853
6854
6855
6869
6870
6899
6908
6925
7018
7021
7048
7052
7054
7122
7124
7133
7148
7157
7166
7167
7168
7169
7170
7171
7276
7280
7345
7351
7353
7422
7431
7436
7447
7450
7472
7494
7515
7518
7529
7531
7532
7533
7534
7846
7941
7976
8013
8038
8128
8214
8224
8301
8353
8398
8443
8490
8502
8528
8542
8564
8604
8605
8682
8777
8787
8831
8841
8843
8854
8863
8880
8927
8991
9016
9019
9114
9118
9145
9152
9177
9217
9248
9368
9369
9378
9444
9455
9456
9457
9463
9481
9575
9583
9588
9607
9615
9620
9638
9685
9699
9722
9759
9764
9783
9805
9826
9829
9943
9948
9968
9993
10215
10273
10280
10326
10371
10376
10381
10400
10409
10469
10476
10487
10580
10602
10611
10612
10613
10675
10718
10752
10814
10873
10949
11240
11261
11315
22854
22891
23136
23208
23209
23305
23395
23408
23413
23426
23438
23499
23523
23576
23621
23774
23780
25830
25855
26047
26223
26227
26985
27020
27037
27087
27121
27185
27301
29114
29801
50632
51299
51319
51454
51586
51734
51735
53826
54551
54584
54658
54806
54808
54820
55163
55300
55784
56147
56666
56990
57030
57084
57142
57369
57576
63826
64067
64854
65018
65078
65267
80832
81565
83259
83999
84062
84152
84466
84628
85358
89832
91752
93663
93986
114899
116443
121278
127933
140679
154664
203068
221184
255239
259217
266727
267012
282706
285242
319100
338442
347730
406920
407034
728637
768096
607
1499
2332
2729
2937
4300
5226
5902
10399
11113
23600
29968
122525
223117
259232
2739
2885
2938
2954
23236
3458
5155
5159
7504
8471
22850
23394
15
18
51
52
2182
116285
100
125
157
158
116987
10554
183
191
199
203
6718
216
220
7915
238
23253
8546
8120
8943
10947
80833
80831
80830
351
361
57584
9639
219681
406
56938
409
410
429
259266
460
11101
22809
1388
285973
1822
491
534
6310
4287
51582
9531
578
7919
7916
10018
23786
79365
55909
2647
282991
388552
654
675
682
114781
399814
753
84886
114904
51057
720
773
778
796
801
821
10486
830
843
160777
885
887
1232
929
952
915
920
962
8318
1020
27443
60680
629
8837
1103
1124
140578
1135
1138
1142
9071
5010
23562
8218
202333
55330
1272
6900
22796
1337
10815
119587
1408
1438
1453
1454
1457
1495
1496
1589
56603
340665
1562
1571
11283
23002
23500
1628
51473
8220
85359
54487
160851
22943
1739
9229
1745
8813
1816
1781
8655
253738
9521
1950
54583
1958
1959
1961
10919
1967
8892
8891
8890
8893
219670
2023
285220
2064
2098
2166
285172
25817
54097
113828
51439
2203
115352
2243
2246
2259
8817
2247
26281
27006
9982
2260
2261
2264
2280
2289
2317
2328
2335
2395
5348
486
53827
8322
2550
2554
2555
2558
2564
2566
2568
9514
2581
10634
283459
2638
64096
2688
2702
81025
57165
2744
2766
2775
2781
2796
2806
51206
10082
57512
27201
2901
2905
2906
2914
2915
2918
2928
2934
9446
2968
3034
8520
83933
7290
85235
8970
3145
340784
3176
9454
150280
3240
3274
9956
266722
51478
3352
170572
200909
3361
3064
3480
3481
3486
3592
3593
23765
10068
8809
8807
3560
3562
3566
3578
3613
3628
3631
8821
3632
3635
27124
3636
3630
3667
3675
3714
27133
56243
63971
3798
1316
11202
9211
64077
3976
25802
4045
57819
7940
4050
9223
9863
260425
4118
4126
4134
1432
23542
4143
4161
84539
83552
4282
4286
8028
4336
54456
758
4359
64978
22921
4509
4519
4548
63915
4602
29116
84700
58529
4661
162417
9
135112
259197
23385
10397
129807
4783
4795
4803
4846
4851
4853
4854
4862
387129
9572
7101
4306
3164
9542
145957
4922
4923
9253
9972
4978
5021
23569
10606
79728
5077
5080
27328
5098
5105
5106
5144
27115
5156
64236
157310
5179
5187
8864
84547
112885
8929
5298
5286
5287
5288
5291
5293
5294
5295
5296
8503
30849
8396
8394
8395
23396
55124
283748
9373
5331
51196
5335
26258
51090
51297
5367
5376
5368
50640
94026
5453
196051
5467
23759
9647
6992
5521
5532
5535
8858
10279
57716
5660
5663
5664
375743
5728
5738
5742
10633
221662
23543
5947
5970
5979
6001
6010
11342
6096
23322
79897
861
6263
7356
85508
51091
5265
12
23544
6422
117157
51246
6470
64374
23094
23411
9990
6564
6583
283652
6576
51000
23516
80736
6599
9342
23557
6623
10174
8404
6696
6715
6716
6750
6767
84620
7903
8428
6789
8417
391365
8867
134864
9287
9038
10579
6891
256536
6950
6999
9524
51368
7020
7037
8914
10440
7078
66000
7174
26146
54209
7249
25987
7257
7103
706
79573
51807
81567
10587
7299
7305
7306
7332
7368
29128
8633
7421
7425
7433
7434
7466
7482
7474
7477
7478
23286
9889
26137
221504
29063
7546
339318
57573
57474
7625
128611
