3586
54210
3663
10
54
133
142
154
155
176
177
182
199
207
240
246
270
301
331
332
335
348
355
356
471
472
476
578
596
598
608
637
639
652
653
660
671
682
727
728
811
847
861
871
912
914
920
929
931
940
941
942
943
944
958
960
965
967
969
1026
1113
1116
1191
1230
1232
1233
1234
1235
1241
1268
1269
1280
1311
1356
1385
1392
1401
1432
1436
1471
1490
1493
1499
1508
1513
1520
1524
1544
1649
1667
1668
1723
1777
1789
1803
1901
1902
1903
1906
1947
1958
1994
2022
2023
2034
2064
2147
2150
2152
2191
2212
2213
2214
2215
2289
2312
2323
2335
2353
2357
2358
2683
2693
2784
2821
2833
2908
2934
2944
2952
2956
2990
3002
3065
3066
3073
3074
3075
3077
3091
3107
3108
3109
3119
3123
3135
3146
3162
3181
3235
3240
3291
3309
3329
3383
3398
3407
3438
3458
3459
3479
3481
3491
3552
3553
3557
3558
3559
3560
3565
3566
3569
3570
3574
3575
3576
3581
3593
3596
3600
3603
3604
3605
3606
3623
3624
3627
3654
3672
3676
3684
3685
3688
3689
3709
3725
3802
3820
3821
3822
3836
3899
3952
3957
3965
4035
4036
4041
4049
4050
4055
4153
4192
4193
4210
4217
4261
4282
4286
4312
4313
4314
4318
4322
4323
4350
4481
4482
4524
4544
4552
4609
4650
4689
4739
4772
4790
4792
4795
4804
4843
4846
4879
4982
5004
5008
5027
5054
5133
5243
5265
5293
5294
5300
5320
5321
5328
5371
5444
5468
5580
5583
5590
5591
5594
5595
5599
5601
5609
5617
5624
5649
5657
5732
5742
5743
5747
5788
5891
5906
5925
5966
6275
6279
6280
6283
6287
6288
6347
6352
6354
6357
6362
6364
6366
6367
6369
6370
6375
6376
6387
6401
6403
6416
6441
6556
6573
6583
6584
6586
6647
6696
6775
6850
6863
6868
6869
6890
6891
6957
6988
7015
7018
7040
7045
7057
7072
7078
7097
7098
7099
7124
7128
7132
7133
7157
7177
7178
7185
7220
7224
7298
7341
7412
7421
7422
7431
7433
7442
7449
7474
7515
7538
7852
7855
7913
7919
8190
8200
8454
8600
8633
8651
8718
8740
8741
8743
8744
8764
8771
8795
8797
8828
8837
8838
8877
9034
9047
9051
9141
9166
9235
9294
9308
9370
9420
9423
9507
9518
9536
9641
9966
10018
10135
10203
10216
10266
10512
10563
10673
10746
10803
10855
10859
11009
11026
11096
11167
11240
11277
11278
22861
22900
22914
22943
23118
23274
23406
23566
23569
23765
26191
26353
27074
27177
28461
28514
29126
29851
30008
30009
50604
50615
50856
50943
51311
51330
51561
51738
51744
53340
54414
55024
55801
55829
55835
56244
56413
56729
56848
57007
57094
57379
57630
57817
58191
59067
59307
59340
63875
64127
64221
64581
64772
80018
80380
80381
83700
83737
84447
84824
84868
90865
112744
114548
114609
114614
115352
115650
149233
192343
219699
246778
283120
353143
353144
406921
406938
406947
406950
407008
729230
100507436
4880
117289
1080
1773
2204
7839
8793
9398
383
132612
326
100
2
135
3267
267
216
29945
288
81792
1636
29
7920
64240
52
23305
140766
9510
10881
11173
79722
640
55937
7917
10717
440603
151888
613
6046
100874093
54014
7862
79866
617
50617
341
338
100287722
309
50650
84159
57205
1388
79969
54622
100532737
10665
90355
10344
30835
840
203228
717
6356
10498
729583
163747
712
54535
29113
858
56946
57827
80739
441108
10666
1021
253782
959
1147
160364
170482
629
150468
100133941
10659
922
4179
919
84902
100048912
1071
1302
26253
1586
1543
1536
1535
120227
1616
1630
1615
2655541
8029
780
9811
10330
11064
171425
93978
340267
114784
338339
64478
79974
6775079
1496
399716
2100
135656
1956
2099
2113
10919
2138
1959
60412
51705
51513
26059
2065
79071
1843
8449
1769
1719
1717
1776
92675
1797
23348
80864
11170
8603
163351
259308
2244
2302
22887
2272
2625
652968
83416
8456
115350
84498
127281
83417
83648
2219
79368
285016
285834
2950
2744
26762
414764
373156
2915
414778
3054
414777
2974
23151
63940
2776
8836
2794
7107
2638
84435
7918
51206
57476
3120
3113
3117
3118
3305
3115
3122
3106
3111
7923
3356
285148
5654
253018
285830
57520
3112
352961
55127
3134
10255
3105
3551
64135
3554
3592
8809
100996941
84639
3594
3385
8518
3382
84162
3704
27178
11127
3710
221895
23254
58494
117283
3613
3562
10207
64423
3659
11213
3798
150577
100506023
100130476
101927705
101929761
400957
100506929
100506047
100294145
100528032
101927874
152350
101929072
101928122
4001
23547
3958
221496
401247
3949
101927350
100506465
116842
79258
4277
8930
154449
4204
7940
401250
260425
100131234
4295
220972
58530
80740
80741
474354
259215
28992
9020
4214
54682
84441
4155
57644
55191
259197
7936
79817
4548
4439
4791
112939
4688
25977
4615
84300
4316
4522
84665
100507679
8260
4855
387129
4968
5089
4794
9180
10956
23022
4793
266553
4862
55655
10718
10392
64324
11270
8383
10745
26147
9374
5696
23228
55607
5698
8572
170679
57661
166336
5690
100130889
7916
8613
151056
116154
23024
23236
5420
6992
5140
5423
5530
54665
5981
5771
6015
8737
285533
79890
80352
645474
219790
55188
6048
10111
5880
54899
11122
5890
51735
55758
1827
10125
10636
80736
10019
6648
6499
201266
53919
9021
6678
692199
57468
6622
10599
114836
80031
23176
7356
54938
710
6422
401251
6470
22941
6555
200734
387082
6772
91937
6941
10010
6934
6892
4070
8831
6695
83985
391253
80309
6705
6773
9145
221178
55530
8859
6857
23534
7189
54106
51284
7100
81793
8269
7148
29953
28619
7172
10333
100507421
84216
9874
7096
10318
7297
57176
7332
53347
55048
6293
100288077
79679
7405
57705
7351
22954
135644
11074
7726
89870
440730
57217
7374
10107
9354
55585
55230
440077
80862
346157
55900
84619
