100
100132285
100133941
10135
1029
1030
10365
1051
10628
10644
1071
10724
10891
109
10911
1113
11132
11183
11266
1131
116667
118
11808
11848
1208
1215
1234
133
136
1401
142
1432
1440
1471
1493
1508
151
1515
1535
154
1543
155
1591
1594
1622
1636
1649
177
17777
181
18127
183
185
18606
1889
19
19017
1906
1909
19276
1956
197
1974
1990
200186
2029
2033
207
2099
210
2147
2153
2167
2169
217
21789
2191
2203
2212
2247
2303
231
233
240
2571
2572
26191
2641
2642
2645
2646
2650
2673
2678
2690
2695
27097
2740
2771
283
284
285
2944
2952
3091
3105
3108
3109
3115
3117
3119
3172
3240
3290
3291
3304
3309
3315
3316
335
3350
336
337
3373
3375
338
3383
3394
3401
3406
340706
341
3416
3426
3439
345
3456
3458
3479
348
3482
3484
3486
355
3552
3553
3556
3557
3559
356
3565
3566
3569
3570
3575
3576
3586
3593
3600
3606
3630
3636
364
3651
3654
3663
3667
367
3670
3674
3684
3688
3689
3690
3710
3766
3767
3832
387082
3931
3932
3952
3953
3958
3990
4000
4012
4018
4023
4036
4041
4049
405
4055
4092
4153
4159
4208
4214
4255
4276
4277
4311
4313
4318
4323
434
4478
4524
4547
4650
4760
477
5027
5054
5055
5078
5087
5126
5133
52
5294
5313
5320
5325
5346
5360
5443
55829
55937
56244
56458
56729
57016
57061
57554
5770
57818
5788
5798
5799
5806
5820
5836
590
59067
59340
5950
5962
6019
60412
6097
627
6279
6280
6319
632
6347
6352
6387
6401
6402
6403
64102
64135
6447
6462
6464
6469
6476
65018
6514
6517
6530
654
6556
6566
6583
6584
6647
6648
6649
6690
6696
685
688
7071
7076
7082
7098
7099
7124
7225
7274
7276
728441
728642
7293
7350
7351
7430
7450
7466
7494
759
777
79068
79602
800
80142
818
841
844
868
8835
8862
89823
9122
920
929
9314
9365
9370
9575
9588
9663
9817
9826
9941
4544
5468
208
50982
7422
6928
9479
6934
8660
6833
100188782
6927
5167
2820
54901
169026
3159
3087
2132
387761
4846
5105
3077
51738
6720
51094
5465
50674
3784
221895
56999
5506
5444
2784
116519
63892
81031
7352
4853
132720
7391
5586
8462
2864
4968
5467
57761
5140
5728
6804
2308
301
1448
5697
3949
8609
56547
4160
115207
5590
7421
4899
5563
7852
9722
3643
133522
145370
10580
4852
23261
53335
1116
5565
23753
1020
117159
3033
687
4489
80196
65985
948
1585
2897
83855
23101
10062
92400
60482
1434
2104
51604
11122
9481
7058
55969
1272
60495
4009
10110
539
9228
55486
860
6654
116496
1316
4321
4925
285195
7227
1524
2139
51098
11278
1728
131034
2053
85476
136332
4821
5175
6561
7486
153
9514
158038
4605
5579
2837
55811
23365
2272
10989
3851
4490
4988
55328
197131
961
2170
373156
2908
9904
8989
51378
847
2693
10661
5599
5288
10998
1305
57446
5142
55959
51322
552
22839
79618
64779
5530
401474
25803
88
58516
2995
83594
5445
8848
1173
6374
2152
2262
51621
8431
2889
11216
9607
4825
23187
121260
60436
7515
1959
2638
10398
5106
7536
6775
1028
1734
3170
4493
286365
6095
10225
1576
51274
4282
57104
6546
140803
287
165055
2739
4158
4879
5291
6513
1346
23136
78997
3765
5166
5740
54847
50833
131118
2395
3162
5080
7402
10564
1019
64839
2997
11279
2956
22999
9126
2
2155
2887
136259
4161
7376
5321
221002
126969
7150
842
2101
9945
79932
4040
5802
57419
11055
387882
440275
3751
27445
5593
6446
6794
116
22926
23395
4502
55229
10060
8872
1577
2172
4312
8829
5967
23315
54822
57182
160777
57703
5295
55103
23671
54806
10814
2049
3358
3779
5743
84174
6921
81029
