7139
7168
4607
4000
7137
7134
4625
4624
859
70
291
85366
6901
1756
51422
6331
11155
7273
1674
2070
1832
6444
8048
8557
4205
2730
5687
3957
4973
2729
440823
3690
2162
7292
4049
2099
2155
7804
7056
10060
4634
4633
8997
5350
948
4040
7414
2218
88
1829
91624
282996
6389
5663
5664
7112
51778
57158
125972
9531
4314
57798
1524
1401
177
2100
2678
284
2946
348
3569
3630
367
4018
4313
4524
6401
7077
875
4318
5054
100
10068
10365
10392
1071
118
1191
1231
1234
125
1471
1535
1543
155
1636
183
1839
185
186
1889
19
1906
1909
1910
2052
213
2147
2152
2153
2157
2160
2161
217
2204
2214
240
241
246
255738
257313
2624
2643
270
2701
285
2944
2952
3091
3304
3315
3329
335
336
337
338
3383
338376
345
3479
3484
3486
3565
3574
3576
3586
3606
3627
3674
368
3767
3791
3815
3931
3949
3952
3990
4023
4045
4256
4353
4688
5051
5144
522
5320
5360
5444
55937
56606
56729
590
627
6310
6347
6352
6356
6373
6376
6402
6403
6404
6464
64805
654817
6649
7096
7097
7099
7351
7448
7450
7486
79001
80149
846
929
9370
9388
941
942
154
221458
341
344
3553
3557
4548
21926
3683
5806
7124
