chr	bp	p_value
1	1051029	.0089792
1	1052501	.0079342
1	2270521	.0098095
1	2814849	.0074947
1	2829617	.0004873
1	2830225	.0011038
1	2831740	.0009419
1	2832130	.0005121
1	2832179	.0008497
1	2834114	.0011118
2	45426745	.0015407
2	45429358	.0014813
2	45429996	.0014209
2	45431225	.0015829
2	45431806	.0024486
2	45432039	.0013538
2	45433964	.0013031
2	45444965	.0005976
2	45446393	.0005121
2	45451149	.0010278
2	45452327	.0008574
2	45452707	.0009147
2	45453136	.0009607
2	45454123	.000686
2	45454203	.0002813
2	45462332	.0023188
2	45462709	.0039794
2	45463350	.00089
2	45463503	.0008693
2	45464707	.0037001
2	45467008	.0017286
2	45467061	.0017687
2	45467083	.0010426
2	45467746	.0016977
2	45467777	.0017572
2	45470502	.0039802
2	45477316	.0002112
2	45483033	.0005673
2	45485184	.0025513
2	45500575	.0098604
2	45529188	.0062617
2	45530629	.0083624
2	45534549	.0078104
2	45584043	.0060926
2	45585797	.0045454
2	45592047	.003121
2	45592784	.0044528
2	45596093	.006969
2	45597614	.0071246
2	45598998	.0084378
2	45610841	.0086111
2	45612339	.0082231
2	45613627	.0081199
2	45618455	.0079006
2	45623726	.006934
2	45633112	.0074243
2	45641177	.002486
2	45642824	.0049453
2	45643504	.0049443
2	45645900	.0046639
2	45646060	.0046637
2	45648674	.0046093
2	45650368	.0045156
2	45653366	.0093668
2	45653382	.0045517
2	45655745	.0043981
2	45655767	.0043133
2	45658136	.004589
2	45658968	.0043219
2	45679323	.0016871
2	45688326	.0015361
2	45694807	.0011108
2	45703522	.0037075
2	45733626	.0096679
2	45758697	.0090721
2	45975861	.0086907
2	46012027	.001055
2	46017181	.0031597
2	46030466	.0089623
2	46174414	.0070872
2	46174823	.0035107
2	46176109	.0047648
2	46180247	.0026253
2	46180877	.0026023
2	46180894	.0061348
2	46181234	.0064995
2	46181682	.0061087
2	46181967	.005398
2	46182088	.0052005
2	46182923	.0051964
2	46184695	.0049808
2	46187525	.0095293
2	46191062	.0055642
2	46192040	.0055071
2	46192090	.0055761
2	46192882	.0056833
2	46196283	.0087935
2	46200220	.0033508
2	46200527	.0095622
2	46202382	.0012787
2	46205562	.0010746
2	46205830	.000063
2	46205957	.0008007
2	46206003	.0005272
2	46206670	.0011591
2	46207749	.000671
2	46208555	.0049528
2	46212207	.0017076
2	46214411	.0037349
2	46214759	.0022692
2	46215312	.0018833
2	46216181	.0027995
2	46216372	.0004638
2	46216570	.0016774
2	46216981	.009428
2	46223000	.0007979
2	46227033	.0073102
2	46227083	.0005805
2	46254108	.0066834
2	46452072	.0066975
2	46738153	.0016012
2	47634188	.0056187
2	48227075	.0052711
2	48269713	.0046114
2	48950558	.0085891
2	49015427	.0028148
2	49054317	.0022874
2	49054674	.0005682
2	49054957	.0016177
2	49055116	.0003265
2	49055989	.0028047
2	49056032	.0006784
2	49056089	.0005749
2	49056286	.0006642
8	93863327	.0096314
8	93992804	.0036886
8	94008721	.0017609
8	94012089	.0088359
8	94025401	.0047129
8	94026717	.0014106
8	94033896	.0053698
8	94040134	.0087462
8	94047620	.000051
8	94054349	.0029591
8	94062889	.0069824
8	94067129	.0001835
8	94076051	.0000632
8	94078425	.0047976
8	94086927	.0001041
8	94096852	.0004594
8	94098481	.0001713
8	94101806	.0067899
8	94101919	.0033966
8	94104873	.0003623
8	94105203	.0001142
8	94108728	.0079342
8	94110592	.0054857
8	94252846	.0096672
8	94253390	.0097196
8	95054314	.0078942
8	95054392	.0077547
8	95054898	.0078735
8	95064249	.0063316
8	95065387	.0065056
8	95065509	.0063807
8	95067285	.0065269
8	95067432	.0061488
8	95070718	.0074763
8	95071528	9.76e-06
8	95325902	.0061997
8	95336304	.0086006
8	95336773	.0082467
8	95338928	.0068294
8	95341781	.0042647
8	95346711	.0068293
8	95346843	.0049505
8	95347128	.0070493
8	95350454	.0081654
8	95772145	.0037478
8	95885614	.0006578
8	95902923	.0044534
8	95905316	.0089413
8	95905988	.0089212
8	95915140	.008894
8	95916372	.0031437
8	95919099	.0095078
8	95923996	.0098598
8	95925110	.0098704
8	95926087	.0098553
8	95928359	.0098741
8	95929347	.0097366
8	95930461	.0093372
8	95931001	.0097107
8	95931079	.0085907
8	95939296	.0099495
8	95943756	.0078281
8	95944398	.0054952
8	95944852	.0048714
8	95946461	.0099541
8	95948211	.0032559
8	95955800	.0072613
8	95957483	.0087119
8	95963422	.0027963
8	95963976	.003208
8	95965152	.0010474
8	95973371	.0089789
8	95974665	.006688
8	95978674	.0023324
8	96004340	.0051509
8	96043549	.0047185
8	96158596	.0037888
8	96263913	.0066735
8	96727393	.0033254
8	96727665	.003406
8	96727692	.0042882
8	96728593	.0025946
8	96730962	.0033267
8	96731341	.0032767
8	96736842	.0028931
8	96740965	.0038068
8	96763380	.0020887
8	96763444	.0026589
8	96764726	.0016819
8	96765267	.0016896
8	96768772	.0024627
8	96768785	.0020812
8	96769208	.0011155
8	96769898	.0017067
8	96770111	.0017249
8	96776454	.008079
8	96869690	.0098062
8	97139849	.0084141
8	97270629	.0070072
8	97396855	.0076518
8	98186316	.0097293
8	98422345	.0037103
8	98426111	.0062267
8	98497864	.004541
8	98528011	.0058716
8	99260433	.0061161
8	99483750	.0079001
8	101420732	.0032453
8	101426974	.0066621
8	101427005	.0015215
8	101427036	.004011
8	101434914	.0050897
8	101436509	.0034892
8	101437256	.0027121
8	101440789	.005821
8	101461845	.0015167
8	101462127	.0024568
8	101463594	.0015592
8	102017302	.0069225
8	102023243	.0025025
8	103053488	.0035577
8	103068263	.0014989
8	103090641	.0038697
8	103090651	.0039078
8	103139477	.0004828
8	103242006	.0041787
8	103251301	.0039741
8	103272279	.0000225
8	103277547	.000047
8	103280890	.0000413
8	103282636	.0000315
8	103283035	.0000344
8	104269839	.009875
8	105150097	.0017827
8	105464759	.004494
8	105476179	.0077039
8	105478004	.0080671
8	105479400	.0083104
8	106239426	.0028249
8	106251436	.003023
8	106255184	.0030132
8	106267305	.0031086
8	106268573	.0030932
8	106279090	.002786
8	106334896	.0023583
8	106338499	.0041982
8	106342218	.0023431
8	106499852	.007945
8	106502299	.0028662
8	106504399	.0011487
8	106521287	.0083013
8	106530317	.0016341
8	106537572	.0024651
8	106537768	.0022396
8	106540386	.0003492
8	106541082	.0019488
8	106543574	.0003494
8	106551281	.0006092
8	106559194	.000928
8	106559874	.0023605
8	106562919	.00035
8	106567598	.0003287
8	106573021	.0019706
8	107481381	.0085208
8	107664960	.0091289
8	109426908	.0054447
8	109431170	.0051871
8	109473616	.0024804
8	109502128	.0094054
8	109504303	.0069968
8	109510084	.0045497
8	109511629	.0032006
8	109512244	.0050654
8	109729073	.0014022
8	109799864	.0097878
8	110191455	.0006307
8	111601261	.0048379
8	111661702	.0098576
8	111674370	.0095991
8	111676093	.0091663
8	111677191	.0092921
8	111678176	.0092672
8	111679384	.0091877
8	111680675	.0090318
8	111684141	.0082115
8	111687283	.0072553
8	111689394	.0087006
8	111691779	.0088497
8	111693926	.0090214
8	111695237	.0092705
8	111695831	.0065562
8	111696464	.007642
8	111697011	.0098904
8	111697801	.0078792
8	111698943	.0081755
8	111698978	.0082997
8	111699074	.0083518
8	111702388	.0089043
8	111705254	.0091988
8	111705839	.0093173
8	111706126	.0097545
8	111710090	.0077111
8	111715802	.0086311
8	111905652	.0092172
8	117487556	.0019816
8	118313372	.003881
8	118376719	.0084753
8	118377395	.0054706
8	118416223	.0020524
8	118416443	.0003194
8	118418035	.0069147
8	118434473	.0019148
8	119176942	.0023892
8	119283345	.0056867
8	119283555	.00775
8	119283577	.0057886
8	119283606	.0047911
8	119283704	.0048128
8	119284010	.0032024
8	119284165	.0087169
8	119284335	.004652
8	119285316	.0044319
